uksc-2015-0160.txt	10914	1052	0.1	334
uksc-2017-0175.txt	5762	1044	0.18	218
uksc-2009-0031.txt	30883	1318	0.04	1061
uksc-2018-0011.txt	13093	1051	0.08	377
uksc-2009-0075.txt	12313	857	0.07	428
uksc-2011-0129.txt	30252	1290	0.04	975
uksc-2012-0136.txt	6236	795	0.13	200
uksc-2016-0041.txt	5058	1014	0.2	175
uksc-2012-0042.txt	8570	972	0.11	252
uksc-2014-0052.txt	12228	1313	0.11	409
uksc-2011-0128.txt	30252	1290	0.04	975
uksc-2018-0008.txt	17440	1684	0.1	451
uksc-2010-0046.txt	44945	1433	0.03	1547
uksc-2014-0043.txt	23294	800	0.03	635
uksc-2016-0015.txt	4321	1155	0.27	138
uksc-2010-0098.txt	10570	1070	0.1	258
uksc-2010-0165.txt	20836	1155	0.06	683
uksc-2014-0157.txt	5395	629	0.12	172
uksc-2014-0275.txt	6254	981	0.16	205
uksc-2018-0200.txt	15288	1806	0.12	527
uksc-2009-0168.txt	2891	445	0.15	97
uksc-2018-0061.txt	29306	1091	0.04	826
uksc-2015-0022.txt	24872	2095	0.08	767
uksc-2016-0197.txt	40589	1147	0.03	1405
uksc-2010-0022.txt	22382	1200	0.05	671
uksc-2013-0040.txt	9009	916	0.1	319
uksc-2014-0059.txt	5953	1055	0.18	183
uksc-2010-0003.txt	18582	1264	0.07	554
uksc-2012-0115.txt	3887	995	0.26	127
uksc-2013-0249.txt	17982	1278	0.07	550
uksc-2014-0148.txt	5890	1196	0.2	205
uksc-2016-0152.txt	6237	1132	0.18	198
uksc-2013-0094.txt	9535	897	0.09	308
uksc-2019-0057.txt	30907	1925	0.06	974
uksc-2010-0182.txt	24656	1053	0.04	791
uksc-2015-0230.txt	11978	1186	0.1	338
uksc-2012-0158.txt	10120	858	0.08	331
uksc-2010-0229.txt	5457	1185	0.22	188
uksc-2013-0172.txt	28914	939	0.03	882
uksc-2011-0199.txt	12174	1271	0.1	358
uksc-2011-0247.txt	6584	1185	0.18	203
uksc-2018-0094.txt	21379	1109	0.05	652
uksc-2016-0214.txt	6079	1113	0.18	201
uksc-2009-0050.txt	13203	675	0.05	431
uksc-2016-0144.txt	11689	1120	0.1	368
uksc-2010-0009.txt	6525	976	0.15	180
uksc-2012-0167.txt	35948	1260	0.04	1097
uksc-2011-0264.txt	52580	1148	0.02	1606
uksc-2014-0093.txt	15142	1166	0.08	460
uksc-2009-0074.txt	7769	1290	0.17	260
uksc-2009-0108.txt	45588	1097	0.02	1406
uksc-2015-0091.txt	6013	1070	0.18	183
uksc-2014-0044.txt	11673	1180	0.1	354
uksc-2011-0143.txt	24656	1053	0.04	791
uksc-2018-0100.txt	28089	1379	0.05	820
uksc-2009-0217.txt	3414	840	0.25	113
uksc-2010-0176.txt	21787	1094	0.05	759
uksc-2013-0112.txt	13850	1426	0.1	486
uksc-2018-0178.txt	40807	1246	0.03	1151
uksc-2013-0136.txt	16039	1201	0.07	486
uksc-2011-0010.txt	26549	1153	0.04	795
uksc-2016-0026.txt	6275	1037	0.17	180
uksc-2012-0066.txt	7807	1165	0.15	261
uksc-2016-0209.txt	2622	653	0.25	95
uksc-2010-0206.txt	9397	860	0.09	269
uksc-2014-0035.txt	6447	734	0.11	199
uksc-2016-0069.txt	5457	1130	0.21	147
uksc-2009-0087.txt	15212	704	0.05	461
uksc-2012-0017.txt	4099	899	0.22	141
uksc-2013-0227.txt	5961	1087	0.18	191
uksc-2011-0091.txt	24957	1302	0.05	806
uksc-2014-0153.txt	4630	812	0.18	141
uksc-2011-0032.txt	26549	1153	0.04	795
uksc-2011-0112.txt	9253	895	0.1	234
uksc-2009-0121.txt	10435	1259	0.12	296
uksc-2013-0221.txt	13399	1288	0.1	428
uksc-2009-0090.txt	13772	851	0.06	360
uksc-2009-0047.txt	2557	366	0.14	65
uksc-2012-0089.txt	7937	1075	0.14	272
uksc-2009-0070.txt	19908	630	0.03	638
uksc-2016-0188.txt	10038	1152	0.11	311
uksc-2018-0039.txt	5765	980	0.17	202
uksc-2013-0235.txt	63770	2362	0.04	1883
uksc-2018-0166.txt	9491	1042	0.11	253
uksc-2018-0014.txt	6603	1040	0.16	199
uksc-2011-0079.txt	7377	1159	0.16	235
uksc-2013-0054.txt	13013	1092	0.08	402
uksc-2010-0013.txt	13154	797	0.06	392
uksc-2017-0043.txt	9664	1228	0.13	307
uksc-2015-0246.txt	5478	802	0.15	162
uksc-2011-0201.txt	24232	1283	0.05	721
uksc-2017-0126.txt	4276	599	0.14	125
uksc-2013-0267.txt	31954	882	0.03	1004
uksc-2014-0204.txt	31983	1606	0.05	954
uksc-2015-0021.txt	32066	1081	0.03	1074
uksc-2009-0038.txt	11280	549	0.05	336
uksc-2015-0080.txt	7044	1075	0.15	218
uksc-2013-0068.txt	16265	1025	0.06	503
uksc-2011-0210.txt	13473	1450	0.11	440
uksc-2018-0218.txt	8891	984	0.11	258
uksc-2011-0241.txt	6545	1144	0.17	190
uksc-2012-0006.txt	9699	1058	0.11	304
uksc-2017-0020.txt	12850	1264	0.1	398
uksc-2013-0188.txt	7360	969	0.13	269
uksc-2013-0160.txt	6694	1110	0.17	245
uksc-2017-0156.txt	11309	1087	0.1	329
uksc-2009-0071.txt	20285	1103	0.05	521
uksc-2016-0164.txt	11756	1165	0.1	348
uksc-2012-0163.txt	9535	897	0.09	308
uksc-2011-0014.txt	10600	1097	0.1	307
uksc-2011-0262.txt	11342	1226	0.11	336
uksc-2011-0025.txt	26549	1153	0.04	795
uksc-2010-0063.txt	58163	1220	0.02	1972
uksc-2014-0216.txt	5600	950	0.17	172
uksc-2014-0207.txt	13295	1081	0.08	420
uksc-2010-0101.txt	24755	1060	0.04	840
uksc-2010-0111.txt	18591	1088	0.06	617
uksc-2011-0005.txt	13996	1154	0.08	459
uksc-2016-0132.txt	25366	899	0.04	807
uksc-2017-0058.txt	19735	1642	0.08	677
uksc-2014-0173.txt	5587	1125	0.2	215
uksc-2012-0188.txt	12040	999	0.08	354
uksc-2017-0200.txt	14440	1152	0.08	403
uksc-2013-0106.txt	17126	1071	0.06	524
uksc-2013-0203.txt	8004	1011	0.13	256
uksc-2011-0150.txt	10754	1250	0.12	348
uksc-2014-0183.txt	16088	1034	0.06	510
uksc-2010-0170.txt	13486	800	0.06	415
uksc-2012-0126.txt	5100	955	0.19	168
uksc-2012-0226.txt	7939	918	0.12	202
uksc-2009-0048.txt	18406	803	0.04	629
uksc-2011-0149.txt	10777	1250	0.12	351
uksc-2019-0156.txt	15011	1182	0.08	556
uksc-2011-0022.txt	17547	1248	0.07	515
uksc-2015-0212.txt	5141	1062	0.21	159
uksc-2015-0002.txt	19918	1145	0.06	589
uksc-2018-0102.txt	4663	700	0.15	105
uksc-2016-0009.txt	16631	1161	0.07	466
uksc-2011-0159.txt	11285	1294	0.11	356
uksc-2012-0149.txt	10352	1166	0.11	350
uksc-2010-0131.txt	18745	1266	0.07	594
uksc-2012-0276.txt	4020	1231	0.31	122
uksc-2011-0029.txt	26549	1153	0.04	795
uksc-2012-0112.txt	5531	1043	0.19	190
uksc-2010-0140.txt	19725	1227	0.06	686
uksc-2013-0193.txt	21935	1315	0.06	651
uksc-2013-0052.txt	18663	1079	0.06	600
uksc-2012-0020.txt	11193	1146	0.1	384
uksc-2011-0252.txt	17472	986	0.06	489
uksc-2012-0003.txt	4494	882	0.2	150
uksc-2009-0044.txt	9711	542	0.06	304
uksc-2012-0177.txt	9965	1228	0.12	295
uksc-2014-0166.txt	10668	1140	0.11	302
uksc-2011-0261.txt	16611	1194	0.07	450
uksc-2012-0088.txt	18584	1020	0.05	599
uksc-2012-0014.txt	6337	1016	0.16	173
uksc-2016-0155.txt	6689	921	0.14	216
uksc-2018-0208.txt	16346	1179	0.07	506
uksc-2015-0219.txt	8466	1197	0.14	266
uksc-2016-0006.txt	12963	1151	0.09	290
uksc-2012-0152.txt	10352	1166	0.11	350
uksc-2010-0238.txt	5759	1123	0.19	160
uksc-2009-0225.txt	7951	1191	0.15	248
uksc-2009-0143.txt	10352	627	0.06	252
uksc-2010-0015.txt	16510	1140	0.07	484
uksc-2018-0152.txt	5442	1206	0.22	127
uksc-2011-0145.txt	8838	1344	0.15	272
uksc-2012-0157.txt	8165	988	0.12	294
uksc-2010-0240.txt	5759	1123	0.19	160
uksc-2015-0048.txt	3444	645	0.19	128
uksc-2013-0102.txt	21060	1151	0.05	583
uksc-2012-0093.txt	10910	936	0.09	340
uksc-2011-0027.txt	26549	1153	0.04	795
uksc-2011-0178.txt	11342	1226	0.11	336
uksc-2010-0008.txt	8682	623	0.07	246
uksc-2015-0236.txt	11706	1057	0.09	311
uksc-2018-0004.txt	48244	1517	0.03	1432
uksc-2019-0063.txt	8083	1194	0.15	268
uksc-2012-0030.txt	6896	1005	0.15	199
uksc-2010-0002.txt	8426	938	0.11	282
uksc-2015-0199.txt	23138	1177	0.05	735
uksc-2015-0069.txt	6184	1128	0.18	176
uksc-2016-0010.txt	9304	1107	0.12	338
uksc-2013-0134.txt	8179	1121	0.14	293
uksc-2018-0173.txt	14450	1088	0.08	516
uksc-2017-0037.txt	12183	1190	0.1	388
uksc-2019-0089.txt	9033	1465	0.16	286
uksc-2009-0098.txt	15205	863	0.06	484
uksc-2014-0191.txt	10685	1284	0.12	282
uksc-2012-0185.txt	11678	1151	0.1	382
uksc-2016-0137.txt	20528	1364	0.07	592
uksc-2018-0006.txt	6408	1065	0.17	181
uksc-2013-0038.txt	5869	1200	0.2	175
uksc-2012-0142.txt	18329	1185	0.06	625
uksc-2018-0117.txt	16841	1041	0.06	466
uksc-2018-0133.txt	12991	1135	0.09	434
uksc-2012-0245.txt	14817	1089	0.07	412
uksc-2012-0122.txt	41796	1253	0.03	1169
uksc-2015-0137.txt	33889	1678	0.05	974
uksc-2015-0009.txt	16694	1227	0.07	445
uksc-2010-0033.txt	18436	1296	0.07	599
uksc-2010-0203.txt	8406	1524	0.18	254
uksc-2014-0210.txt	6839	1093	0.16	223
uksc-2012-0263.txt	7053	1069	0.15	246
uksc-2015-0181.txt	16431	1053	0.06	410
uksc-2016-0073.txt	11838	1171	0.1	369
uksc-2010-0157.txt	13367	958	0.07	441
uksc-2012-0039.txt	30252	1290	0.04	975
uksc-2016-0140.txt	7170	751	0.1	221
uksc-2009-0036.txt	12127	1024	0.08	365
uksc-2016-0170.txt	4223	1033	0.24	141
uksc-2010-0239.txt	14760	1133	0.08	442
uksc-2014-0180.txt	10233	1067	0.1	320
uksc-2009-0136.txt	46167	2326	0.05	1666
uksc-2017-0151.txt	6270	1024	0.16	191
uksc-2016-0023.txt	16091	1116	0.07	529
uksc-2011-0108.txt	33746	766	0.02	980
uksc-2009-0157.txt	6779	1005	0.15	227
uksc-2010-0130.txt	13052	1322	0.1	395
uksc-2015-0135.txt	9783	1063	0.11	284
uksc-2018-0062.txt	12020	1257	0.1	406
uksc-2018-0064.txt	28815	1074	0.04	808
uksc-2016-0084.txt	4819	858	0.18	178
uksc-2013-0049.txt	9427	1440	0.15	242
uksc-2010-0186.txt	22826	1177	0.05	708
uksc-2011-0101.txt	32986	2095	0.06	975
uksc-2010-0040.txt	26198	955	0.04	663
uksc-2014-0234.txt	10336	1119	0.11	273
uksc-2011-0177.txt	11342	1226	0.11	336
uksc-2013-0248.txt	3249	815	0.25	130
uksc-2014-0028.txt	10017	1140	0.11	326
uksc-2016-0223.txt	9282	1143	0.12	301
uksc-2011-0184.txt	9940	1405	0.14	332
uksc-2018-0229.txt	9569	1192	0.12	273
uksc-2012-0008.txt	11067	876	0.08	290
uksc-2009-0052.txt	21959	787	0.04	722
uksc-2013-0202.txt	9695	881	0.09	337
uksc-2009-0184.txt	7071	671	0.09	273
uksc-2017-0182.txt	14612	1164	0.08	414
uksc-2017-0185.txt	16692	1615	0.1	432
uksc-2010-0107.txt	30063	1195	0.04	962
uksc-2013-0274.txt	10487	852	0.08	264
uksc-2018-0077.txt	7427	708	0.1	233
uksc-2016-0185.txt	9153	1159	0.13	319
uksc-2012-0279.txt	7919	1115	0.14	226
uksc-2014-0074.txt	6549	1094	0.17	227
uksc-2013-0170.txt	11800	1002	0.08	392
uksc-2012-0113.txt	30386	1158	0.04	883
uksc-2015-0143.txt	9703	1280	0.13	310
uksc-2014-0158.txt	12140	1009	0.08	318
uksc-2010-0088.txt	20070	1409	0.07	662
uksc-2010-0177.txt	18745	1266	0.07	594
uksc-2019-0010.txt	9521	1234	0.13	280
uksc-2013-0280.txt	56978	1730	0.03	1726
uksc-2014-0139.txt	14598	1011	0.07	487
uksc-2010-0012.txt	44945	1433	0.03	1547
uksc-2014-0103.txt	16548	852	0.05	443
uksc-2016-0166.txt	3674	868	0.24	114
uksc-2010-0006.txt	23685	1015	0.04	667
uksc-2013-0206.txt	40055	1198	0.03	1203
uksc-2013-0035.txt	12330	1058	0.09	343
uksc-2011-0212.txt	7168	1305	0.18	200
uksc-2013-0098.txt	34936	916	0.03	1138
uksc-2017-0016.txt	3842	1058	0.28	134
uksc-2016-0039.txt	7997	1048	0.13	247
uksc-2017-0211.txt	12922	1292	0.1	371
uksc-2013-0258.txt	15281	939	0.06	447
uksc-2016-0121.txt	5071	849	0.17	151
uksc-2010-0156.txt	9523	1175	0.12	276
uksc-2012-0038.txt	7447	1121	0.15	242
uksc-2015-0050.txt	7960	939	0.12	262
uksc-2011-0234.txt	8838	1415	0.16	279
uksc-2014-0202.txt	11536	1003	0.09	342
uksc-2017-0080.txt	4071	596	0.15	124
uksc-2014-0047.txt	10440	1056	0.1	336
uksc-2016-0219.txt	10646	1084	0.1	335
uksc-2016-0196.txt	42654	1803	0.04	1296
uksc-2010-0149.txt	12583	1471	0.12	369
uksc-2010-0018.txt	9051	1066	0.12	325
uksc-2015-0209.txt	5195	862	0.17	185
uksc-2015-0017.txt	5573	1037	0.19	168
uksc-2017-0003.txt	8871	1225	0.14	251
uksc-2011-0202.txt	9551	1005	0.11	283
uksc-2013-0171.txt	20053	999	0.05	623
uksc-2014-0067.txt	3490	651	0.19	123
uksc-2010-0145.txt	16722	1429	0.09	486
uksc-2013-0133.txt	13446	1023	0.08	459
uksc-2017-0111.txt	3271	986	0.3	108
uksc-2015-0092.txt	6220	967	0.16	225
uksc-2012-0160.txt	26684	1222	0.05	753
uksc-2012-0204.txt	9623	819	0.09	364
uksc-2011-0099.txt	7224	1223	0.17	207
uksc-2011-0003.txt	12127	1024	0.08	365
uksc-2018-0075.txt	4248	1238	0.29	137
uksc-2011-0259.txt	16611	1194	0.07	450
uksc-2017-0158.txt	9357	1126	0.12	283
uksc-2013-0116.txt	7905	996	0.13	247
uksc-2009-0154.txt	22380	789	0.04	709
uksc-2014-0255.txt	18423	1101	0.06	596
uksc-2015-0061.txt	7611	740	0.1	243
uksc-2013-0263.txt	31954	882	0.03	1004
uksc-2012-0129.txt	6424	1180	0.18	176
uksc-2009-0177.txt	18360	1197	0.07	626
uksc-2009-0042.txt	10941	820	0.07	248
uksc-2014-0092.txt	12182	1119	0.09	406
uksc-2011-0057.txt	17588	1316	0.07	505
uksc-2010-0158.txt	13555	800	0.06	399
uksc-2013-0247.txt	5398	1109	0.21	183
uksc-2018-0054.txt	8154	1170	0.14	259
uksc-2019-0006.txt	13506	1106	0.08	363
uksc-2012-0111.txt	10108	1498	0.15	335
uksc-2009-0219.txt	37149	1010	0.03	1241
uksc-2017-0032.txt	11405	1191	0.1	368
uksc-2009-0119.txt	14460	858	0.06	488
uksc-2019-0013.txt	9967	1166	0.12	369
uksc-2009-0213.txt	5211	634	0.12	160
uksc-2015-0203.txt	16424	1131	0.07	504
uksc-2013-0090.txt	17699	1174	0.07	585
uksc-2015-0099.txt	10761	572	0.05	377
uksc-2018-0116.txt	12351	814	0.07	366
uksc-2018-0098.txt	7166	945	0.13	222
uksc-2009-0192.txt	10256	1365	0.13	289
uksc-2012-0048.txt	8343	1530	0.18	285
uksc-2016-0228.txt	57442	1720	0.03	1543
uksc-2010-0247.txt	35874	1605	0.04	1203
uksc-2014-0137.txt	30986	1103	0.04	894
uksc-2014-0200.txt	10299	1133	0.11	282
uksc-2018-0104.txt	5265	1292	0.25	185
uksc-2015-0248.txt	2538	1148	0.45	70
uksc-2011-0186.txt	3374	921	0.27	115
uksc-2010-0122.txt	23331	1100	0.05	813
uksc-2019-0150.txt	12140	1389	0.11	326
uksc-2012-0082.txt	10450	1072	0.1	308
uksc-2010-0152.txt	6340	802	0.13	210
uksc-2011-0265.txt	6194	1425	0.23	182
uksc-2016-0042.txt	5470	909	0.17	172
uksc-2019-0118.txt	26587	1380	0.05	809
uksc-2013-0064.txt	10395	1207	0.12	305
uksc-2012-0182.txt	21056	1297	0.06	680
uksc-2017-0195.txt	9206	1223	0.13	216
uksc-2015-0011.txt	16966	1020	0.06	547
uksc-2015-0176.txt	6744	1117	0.17	210
uksc-2011-0087.txt	36762	1761	0.05	1074
uksc-2013-0108.txt	4396	864	0.2	124
uksc-2018-0226.txt	4820	633	0.13	155
uksc-2012-0196.txt	10229	1330	0.13	320
uksc-2016-0195.txt	33708	2451	0.07	1134
uksc-2010-0060.txt	9572	1007	0.11	287
uksc-2013-0234.txt	14762	1151	0.08	412
uksc-2009-0123.txt	18475	1513	0.08	561
uksc-2017-0103.txt	5038	1094	0.22	144
uksc-2016-0136.txt	8972	1448	0.16	304
uksc-2016-0076.txt	11897	1192	0.1	389
uksc-2011-0147.txt	16267	977	0.06	514
uksc-2011-0123.txt	7880	1421	0.18	269
uksc-2011-0221.txt	16107	977	0.06	528
uksc-2016-0079.txt	13653	1078	0.08	421
uksc-2015-0110.txt	5927	680	0.11	204
uksc-2015-0122.txt	8560	1000	0.12	296
uksc-2014-0219.txt	68194	1813	0.03	2042
uksc-2018-0091.txt	6164	615	0.1	182
uksc-2015-0175.txt	14236	1301	0.09	449
uksc-2012-0193.txt	6715	1110	0.17	249
uksc-2009-0104.txt	14951	590	0.04	458
uksc-2014-0203.txt	41623	1609	0.04	1229
uksc-2014-0026.txt	3536	1056	0.3	128
uksc-2017-0212.txt	8455	1013	0.12	263
uksc-2010-0173.txt	22826	1177	0.05	708
uksc-2013-0124.txt	6414	992	0.15	188
uksc-2014-0106.txt	7386	784	0.11	242
uksc-2018-0177.txt	19597	1259	0.06	534
uksc-2013-0197.txt	13718	1224	0.09	423
uksc-2010-0237.txt	5759	1123	0.19	160
uksc-2011-0124.txt	21055	1297	0.06	688
uksc-2014-0220.txt	2462	981	0.4	80
uksc-2016-0227.txt	37036	1552	0.04	1058
uksc-2014-0208.txt	11255	1199	0.11	342
uksc-2013-0257.txt	5593	957	0.17	193
uksc-2017-0207.txt	7214	1117	0.15	215
uksc-2018-0137.txt	4592	993	0.22	172
uksc-2017-0023.txt	6275	838	0.13	176
uksc-2011-0110.txt	29350	1310	0.04	949
uksc-2015-0115.txt	7796	890	0.11	213
uksc-2013-0117.txt	11652	931	0.08	402
uksc-2018-0031.txt	13515	1091	0.08	385
uksc-2009-0032.txt	28037	1501	0.05	835
uksc-2012-0225.txt	8904	1062	0.12	292
uksc-2017-0132.txt	6143	875	0.14	192
uksc-2014-0235.txt	5344	1140	0.21	196
uksc-2009-0173.txt	14536	331	0.02	530
uksc-2009-0175.txt	8672	1100	0.13	303
uksc-2013-0127.txt	6025	1105	0.18	184
uksc-2014-0101.txt	5961	953	0.16	212
uksc-2011-0183.txt	6969	1088	0.16	235
uksc-2016-0130.txt	15009	1369	0.09	377
uksc-2016-0083.txt	9576	1056	0.11	274
uksc-2012-0209.txt	4966	918	0.18	132
uksc-2013-0155.txt	9829	1025	0.1	314
uksc-2012-0041.txt	9877	1257	0.13	337
uksc-2013-0043.txt	25733	1200	0.05	810
uksc-2014-0036.txt	24888	774	0.03	752
uksc-2015-0161.txt	6969	1086	0.16	251
uksc-2016-0157.txt	8872	961	0.11	255
uksc-2010-0047.txt	23505	1088	0.05	634
uksc-2013-0099.txt	17698	1123	0.06	571
uksc-2010-0184.txt	24849	1057	0.04	654
uksc-2009-0232.txt	37149	1010	0.03	1241
uksc-2015-0142.txt	8673	958	0.11	281
uksc-2013-0104.txt	13558	1023	0.08	446
uksc-2015-0113.txt	8233	951	0.12	182
uksc-2016-0165.txt	4974	1282	0.26	143
uksc-2015-0073.txt	7342	1071	0.15	187
uksc-2011-0028.txt	26549	1153	0.04	795
uksc-2018-0040.txt	8855	1305	0.15	298
uksc-2018-0045.txt	8364	962	0.12	272
uksc-2016-0212.txt	6911	1079	0.16	231
uksc-2011-0151.txt	10777	1250	0.12	351
uksc-2011-0100.txt	32985	2095	0.06	974
uksc-2013-0025.txt	25099	1074	0.04	763
uksc-2009-0172.txt	21989	802	0.04	705
uksc-2014-0270.txt	14305	1210	0.08	468
uksc-2011-0217.txt	13556	1450	0.11	447
uksc-2010-0226.txt	3710	592	0.16	84
uksc-2012-0135.txt	5390	1163	0.22	184
uksc-2015-0153.txt	6357	804	0.13	213
uksc-2009-0122.txt	5952	985	0.17	162
uksc-2018-0231.txt	7630	951	0.12	222
uksc-2010-0035.txt	8445	1058	0.13	230
uksc-2012-0068.txt	18584	1020	0.05	599
uksc-2013-0159.txt	11802	1147	0.1	357
uksc-2013-0212.txt	6361	1209	0.19	222
uksc-2010-0102.txt	4869	1295	0.27	181
uksc-2011-0031.txt	26549	1153	0.04	795
uksc-2009-0151.txt	7910	709	0.09	261
uksc-2009-0222.txt	32096	1427	0.04	800
uksc-2011-0050.txt	5827	1209	0.21	220
uksc-2014-0165.txt	6678	835	0.13	216
uksc-2017-0215.txt	7105	1048	0.15	199
uksc-2010-0142.txt	5847	972	0.17	189
uksc-2018-0037.txt	7621	958	0.13	207
uksc-2013-0194.txt	26692	1087	0.04	784
uksc-2017-0035.txt	13885	1006	0.07	440
uksc-2010-0166.txt	32295	1176	0.04	1129
uksc-2015-0127.txt	8920	867	0.1	317
uksc-2019-0032.txt	15521	972	0.06	410
uksc-2016-0204.txt	6079	1372	0.23	197
uksc-2015-0095.txt	9658	1040	0.11	243
uksc-2013-0072.txt	11461	1114	0.1	330
uksc-2014-0185.txt	14452	823	0.06	427
uksc-2011-0266.txt	11328	1294	0.11	360
uksc-2015-0015.txt	16404	2092	0.13	551
uksc-2019-0094.txt	9454	1152	0.12	291
uksc-2009-0018.txt	47598	1169	0.02	1475
uksc-2009-0128.txt	6363	740	0.12	241
uksc-2011-0012.txt	26549	1153	0.04	795
uksc-2014-0105.txt	4853	792	0.16	196
uksc-2009-0054.txt	25311	500	0.02	782
uksc-2014-0273.txt	11916	1054	0.09	431
uksc-2012-0033.txt	18329	1185	0.06	625
uksc-2018-0080.txt	17877	1211	0.07	515
uksc-2016-0013.txt	10336	1224	0.12	339
uksc-2012-0065.txt	11228	1056	0.09	386
uksc-2017-0092.txt	9998	1298	0.13	263
uksc-2014-0071.txt	3635	873	0.24	101
uksc-2016-0159.txt	9382	1173	0.13	304
uksc-2011-0172.txt	9486	869	0.09	255
uksc-2011-0041.txt	32985	2095	0.06	974
uksc-2013-0022.txt	36649	1539	0.04	1162
uksc-2010-0195.txt	19610	960	0.05	634
uksc-2011-0039.txt	4244	921	0.22	158
uksc-2010-0071.txt	18591	1088	0.06	617
uksc-2009-0065.txt	24481	788	0.03	903
uksc-2010-0194.txt	32310	1243	0.04	954
uksc-2009-0146.txt	8212	1210	0.15	277
uksc-2015-0247.txt	8967	1133	0.13	255
uksc-2015-0125.txt	7705	1023	0.13	256
uksc-2015-0036.txt	25830	1263	0.05	709
uksc-2012-0090.txt	7937	1075	0.14	272
uksc-2018-0203.txt	14486	1079	0.07	489
uksc-2012-0069.txt	5217	841	0.16	183
uksc-2016-0107.txt	9599	1027	0.11	322
uksc-2014-0247.txt	16236	1183	0.07	571
uksc-2012-0217.txt	8544	1257	0.15	288
uksc-2013-0162.txt	5384	944	0.18	159
uksc-2012-0207.txt	9965	1228	0.12	295
uksc-2010-0097.txt	6223	1215	0.2	223
uksc-2013-0152.txt	8283	994	0.12	213
uksc-2015-0045.txt	11433	1207	0.11	313
uksc-2012-0015.txt	8645	887	0.1	327
uksc-2013-0186.txt	9302	1007	0.11	281
uksc-2013-0264.txt	3003	1055	0.35	77
uksc-2018-0197.txt	17584	1113	0.06	524
uksc-2012-0098.txt	20104	1146	0.06	607
uksc-2016-0174.txt	6637	1032	0.16	199
uksc-2011-0258.txt	6016	1163	0.19	206
uksc-2013-0033.txt	4908	794	0.16	144
uksc-2014-0218.txt	43705	935	0.02	1376
uksc-2018-0013.txt	9969	1192	0.12	284
uksc-2016-0156.txt	3171	1170	0.37	114
uksc-2018-0073.txt	13204	1218	0.09	336
uksc-2016-0102.txt	18710	1130	0.06	529
uksc-2010-0031.txt	5471	916	0.17	207
uksc-2018-0211.txt	7389	1265	0.17	209
uksc-2014-0214.txt	4893	1005	0.21	149
uksc-2011-0146.txt	16267	977	0.06	514
uksc-2015-0027.txt	1796	535	0.3	45
uksc-2010-0028.txt	7686	1097	0.14	259
uksc-2014-0037.txt	8274	1049	0.13	303
uksc-2010-0062.txt	58163	1220	0.02	1972
uksc-2018-0187.txt	8707	1139	0.13	270
uksc-2012-0259.txt	33808	1432	0.04	959
uksc-2009-0126.txt	5358	844	0.16	166
uksc-2017-0074.txt	20992	836	0.04	664
uksc-2009-0165.txt	28103	932	0.03	723
uksc-2015-0224.txt	1621	764	0.47	54
uksc-2010-0025.txt	8334	726	0.09	295
uksc-2011-0118.txt	11599	993	0.09	338
uksc-2016-0192.txt	10543	1178	0.11	315
uksc-2011-0180.txt	11342	1226	0.11	336
uksc-2014-0019.txt	14300	1280	0.09	442
uksc-2017-0124.txt	6251	1065	0.17	175
uksc-2010-0212.txt	11133	1248	0.11	396
uksc-2015-0126.txt	28012	1098	0.04	825
uksc-2012-0198.txt	5129	1348	0.26	175
uksc-2013-0046.txt	6538	1600	0.24	241
uksc-2013-0024.txt	25099	1074	0.04	763
uksc-2014-0217.txt	3959	762	0.19	130
uksc-2009-0037.txt	10520	1085	0.1	357
uksc-2011-0246.txt	4449	1016	0.23	148
uksc-2016-0150.txt	4096	1094	0.27	100
uksc-2018-0184.txt	7858	1122	0.14	272
uksc-2016-0007.txt	7616	955	0.13	210
uksc-2010-0230.txt	11827	1129	0.1	441
uksc-2018-0150.txt	31457	1196	0.04	987
uksc-2011-0007.txt	6716	632	0.09	243
uksc-2014-0175.txt	12412	945	0.08	398
uksc-2016-0148.txt	4859	1090	0.22	167
uksc-2014-0251.txt	17509	895	0.05	611
uksc-2011-0040.txt	53170	1344	0.03	1617
uksc-2012-0060.txt	9009	916	0.1	319
uksc-2015-0147.txt	9602	1065	0.11	263
uksc-2014-0215.txt	12180	1056	0.09	332
uksc-2015-0152.txt	8398	1081	0.13	284
uksc-2009-0107.txt	45588	1097	0.02	1406
uksc-2013-0150.txt	19183	1065	0.06	550
uksc-2017-0190.txt	10266	1067	0.1	280
uksc-2011-0251.txt	4131	1231	0.3	138
uksc-2012-0010.txt	5334	991	0.19	182
uksc-2016-0062.txt	6985	961	0.14	245
uksc-2015-0148.txt	6306	1025	0.16	238
uksc-2009-0020.txt	6960	895	0.13	198
uksc-2018-0224.txt	5037	855	0.17	159
uksc-2017-0131.txt	62012	3886	0.06	1783
uksc-2012-0102.txt	17261	954	0.06	476
uksc-2016-0218.txt	3837	556	0.14	121
uksc-2011-0182.txt	22128	1584	0.07	714
uksc-2014-0264.txt	67783	1176	0.02	1929
uksc-2011-0229.txt	8959	834	0.09	284
uksc-2015-0129.txt	12244	951	0.08	376
uksc-2014-0227.txt	8751	1159	0.13	210
uksc-2015-0025.txt	23760	1171	0.05	709
uksc-2016-0070.txt	7095	848	0.12	226
uksc-2017-0141.txt	4422	639	0.14	156
uksc-2015-0233.txt	18307	1126	0.06	616
uksc-2020-0091.txt	50863	1357	0.03	1371
uksc-2010-0074.txt	14688	1150	0.08	434
uksc-2010-0108.txt	33642	1153	0.03	950
uksc-2012-0257.txt	6236	795	0.13	200
uksc-2016-0090.txt	10836	1126	0.1	342
uksc-2011-0156.txt	21056	1297	0.06	680
uksc-2014-0252.txt	26516	711	0.03	887
uksc-2015-0166.txt	24296	1017	0.04	787
uksc-2017-0077.txt	8524	1119	0.13	281
uksc-2012-0175.txt	8441	1079	0.13	289
uksc-2010-0086.txt	18591	1088	0.06	617
uksc-2009-0166.txt	16073	1260	0.08	550
uksc-2009-0103.txt	58736	1277	0.02	1688
uksc-2012-0234.txt	10854	1382	0.13	324
uksc-2012-0076.txt	43249	1314	0.03	1188
uksc-2010-0227.txt	3710	592	0.16	84
uksc-2018-0214.txt	27297	2340	0.09	823
uksc-2013-0181.txt	17531	658	0.04	579
uksc-2014-0248.txt	7478	1027	0.14	219
uksc-2009-0077.txt	28784	1851	0.06	831
uksc-2010-0078.txt	3119	623	0.2	104
uksc-2019-0036.txt	10330	740	0.07	316
uksc-2014-0151.txt	13946	1123	0.08	453
uksc-2017-0053.txt	7851	889	0.11	210
uksc-2015-0075.txt	2183	857	0.39	101
uksc-2009-0198.txt	7001	1037	0.15	256
uksc-2011-0209.txt	24849	1057	0.04	654
uksc-2012-0208.txt	9965	1228	0.12	295
uksc-2014-0150.txt	15357	1126	0.07	559
uksc-2017-0135.txt	14626	1308	0.09	461
uksc-2011-0173.txt	7929	1011	0.13	266
uksc-2018-0159.txt	6139	1293	0.21	221
uksc-2014-0125.txt	14861	1361	0.09	519
uksc-2016-0220.txt	9966	1137	0.11	361
uksc-2018-0194.txt	32141	1371	0.04	999
uksc-2013-0100.txt	3700	599	0.16	130
uksc-2016-0053.txt	4772	1129	0.24	135
uksc-2015-0044.txt	7711	988	0.13	233
uksc-2010-0034.txt	30813	871	0.03	1058
uksc-2015-0134.txt	5680	850	0.15	205
uksc-2018-0007.txt	8330	803	0.1	262
uksc-2015-0154.txt	30745	972	0.03	920
uksc-2018-0012.txt	15835	1011	0.06	442
uksc-2014-0143.txt	9678	1033	0.11	331
uksc-2014-0114.txt	2810	984	0.35	85
uksc-2019-0162.txt	20563	1347	0.07	589
uksc-2009-0144.txt	8900	576	0.06	312
uksc-2010-0085.txt	49425	1379	0.03	1430
uksc-2011-0084.txt	9766	1135	0.12	328
uksc-2012-0057.txt	12156	837	0.07	350
uksc-2011-0144.txt	4797	1002	0.21	145
uksc-2014-0021.txt	5347	843	0.16	151
uksc-2009-0131.txt	25716	1099	0.04	793
uksc-2016-0054.txt	6392	897	0.14	215
uksc-2010-0057.txt	22160	1431	0.06	560
uksc-2015-0243.txt	6591	1088	0.17	182
uksc-2009-0106.txt	10704	594	0.06	354
uksc-2011-0033.txt	21787	1094	0.05	759
uksc-2012-0272.txt	10226	1173	0.11	330
uksc-2009-0034.txt	10329	722	0.07	322
uksc-2012-0023.txt	9178	1275	0.14	300
uksc-2013-0252.txt	3960	1030	0.26	110
uksc-2016-0111.txt	6205	1204	0.19	201
uksc-2009-0210.txt	18901	872	0.05	670
uksc-2014-0070.txt	8553	1062	0.12	330
uksc-2010-0041.txt	16661	1283	0.08	525
uksc-2017-0127.txt	12504	1124	0.09	375
uksc-2012-0034.txt	7513	1287	0.17	270
uksc-2009-0202.txt	7144	895	0.13	245
uksc-2013-0048.txt	26259	1028	0.04	702
uksc-2015-0170.txt	20744	977	0.05	640
uksc-2009-0057.txt	25311	500	0.02	782
uksc-2011-0240.txt	8246	1139	0.14	255
uksc-2013-0004.txt	21467	1040	0.05	709
uksc-2009-0228.txt	13912	862	0.06	442
uksc-2014-0272.txt	15229	923	0.06	450
uksc-2019-0145.txt	8455	1057	0.13	252
uksc-2012-0248.txt	14856	1089	0.07	365
uksc-2017-0159.txt	5326	1019	0.19	172
uksc-2017-0072.txt	15729	1320	0.08	512
uksc-2009-0205.txt	15373	1527	0.1	534
uksc-2011-0086.txt	12226	1271	0.1	356
uksc-2017-0025.txt	14393	1119	0.08	424
uksc-2016-0086.txt	26976	1515	0.06	857
uksc-2010-0030.txt	16968	841	0.05	479
uksc-2013-0146.txt	4112	897	0.22	112
uksc-2012-0105.txt	12467	976	0.08	392
uksc-2019-0137.txt	17594	660	0.04	630
uksc-2012-0128.txt	15578	972	0.06	479
uksc-2010-0178.txt	18745	1266	0.07	594
uksc-2018-0213.txt	8550	1215	0.14	277
uksc-2013-0230.txt	15620	1205	0.08	532
uksc-2009-0223.txt	7955	1296	0.16	218
uksc-2016-0003.txt	2488	468	0.19	87
uksc-2010-0215.txt	23813	1054	0.04	688
uksc-2010-0190.txt	22791	973	0.04	774
uksc-2015-0053.txt	11415	1100	0.1	389
uksc-2012-0192.txt	5874	1028	0.18	203
uksc-2015-0215.txt	9039	1240	0.14	280
uksc-2020-0022.txt	11866	1070	0.09	326
uksc-2018-0092.txt	12806	1131	0.09	387
uksc-2011-0176.txt	3629	766	0.21	115
uksc-2009-0019.txt	5383	762	0.14	213
uksc-2010-0056.txt	22160	1431	0.06	560
uksc-2013-0153.txt	14795	1406	0.1	468
uksc-2012-0151.txt	26684	1222	0.05	753
uksc-2010-0147.txt	6340	802	0.13	210
uksc-2017-0097.txt	38499	1032	0.03	1096
uksc-2010-0036.txt	15911	988	0.06	424
uksc-2010-0202.txt	23331	1100	0.05	813
uksc-2010-0114.txt	8631	1024	0.12	321
uksc-2018-0114.txt	32763	1070	0.03	927
uksc-2017-0202.txt	21157	1008	0.05	566
uksc-2012-0087.txt	3319	722	0.22	101
uksc-2010-0167.txt	16246	879	0.05	476
uksc-2012-0062.txt	4473	1179	0.26	145
uksc-2017-0172.txt	5996	863	0.14	196
uksc-2016-0142.txt	4230	1125	0.27	126
uksc-2016-0100.txt	3550	1027	0.29	129
uksc-2016-0226.txt	7401	1271	0.17	246
uksc-2017-0070.txt	5415	1047	0.19	174
uksc-2011-0026.txt	26549	1153	0.04	795
uksc-2015-0220.txt	15216	1182	0.08	476
uksc-2014-0147.txt	8440	996	0.12	243
uksc-2017-0060.txt	8279	1156	0.14	297
uksc-2010-0045.txt	44945	1433	0.03	1547
uksc-2012-0229.txt	8249	1011	0.12	264
uksc-2018-0048.txt	7465	1280	0.17	238
uksc-2010-0120.txt	12716	1031	0.08	420
